0 0.17109375254949555 0.6642856855178252 0.2546875037951395 0.22244896995835006
0 0.5687500084750354 0.3408163117710501 0.22187500330619514 0.21224488876760006
0 0.4585937568335794 0.08775509824045002 0.2328125034691766 0.14285713667050004
0 0.801562511944212 0.19489795074332505 0.3718750055413693 0.10816326062195003
0 0.4101562561118044 0.6642856855178252 0.3421875050989911 0.6306122175883502
0 0.7179687606985681 0.4479591642739251 0.1578125023515895 0.15714285033755004
0 0.8375000124797225 0.6785713991848752 0.0875000013038516 0.20204080757685006
0 0.8671875129221007 0.5551020167768002 0.22187500330619514 0.5102040595375001
0 0.1890625028172508 0.20408162381500006 0.3125000046566129 0.08163264952600002
0 0.6203125092433766 0.7653060893062502 0.14375000214204192 0.2734693759121001
0 0.8390625125030056 0.07244897645432502 0.20937500311993062 0.11224489309825003
0 0.9507812641677447 0.8704081255709752 0.08906250132713467 0.24693876481615007
0 0.8218750122468919 0.9275509802391753 0.15937500237487257 0.12857142300345004
0 0.5054687575320713 0.9102040422149003 0.14843750221189111 0.17142856400460005
0 0.13437500200234354 0.8969387366669253 0.10312500153668225 0.20612244005315006
0 0.16796875250292942 0.4285714100115001 0.12968750193249434 0.4489795723930001
0 0.7929687618161552 0.22959182679187506 0.3453125051455572 0.18571427767165005
0 0.6187500092200935 0.16530611529015005 0.36562500544823706 0.16326529905200005
