2 0.8050000194925815 0.27222222881391644 0.19000000460073352 0.25555556174367666
2 0.2000000048428774 0.29444445157423615 0.17333333753049374 0.1844444489106536
2 0.4766666782088578 0.29333334043622017 0.17333333753049374 0.23111111670732498
2 0.2458333392860368 0.7955555748194456 0.13166666985489428 0.18222222663462162
2 0.4225000102305785 0.7555555738508701 0.1150000027846545 0.17333333753049374
2 0.7450000180397183 0.7133333506062627 0.1000000024214387 0.09777778014540672
2 0.09750000236090273 0.8011111305095255 0.12833333644084632 0.1755555598065257
2 0.5800000140443444 0.8100000196136534 0.15000000363215804 0.1844444489106536
2 0.9541666897712275 0.6566666825674474 0.05833333474583924 0.09555555786937475
2 0.9308333558728918 0.844444464892149 0.0916666688863188 0.0844444464892149
2 0.7841666856547818 0.8500000205822289 0.12500000302679837 0.07333333510905504
2 0.8600000208243728 0.6388889043591917 0.08000000193715096 0.08222222421318293
2 0.7200000174343586 0.6344444598071277 0.076666668523103 0.06444444600492716
