0 0.6269841080065817 0.39436618983745575 0.11111110774800181 0.09859154745936394
0 0.5820105643942952 0.6654929453507066 0.06878306670114398 0.16197182796895504
0 0.1283068744232878 0.5809859046712518 0.16666666162200272 0.09154929406940937
0 0.7645502414088696 0.2834506989456713 0.13227512827143073 0.18661971483379602
0 0.8862433594185859 0.0633802805095911 0.042328041046857834 0.09859154745936394
0 0.7658729926915839 0.5880281580612063 0.16666666162200272 0.18309858813881874
0 0.27910052065271884 0.9401408275589347 0.19312168727628887 0.11971830762922764
0 0.2552909975638613 0.08626760402694345 0.15608465136028826 0.12323943432420492
0 0.3941798822488636 0.47535210382193327 0.1428571385331452 0.07746478728950024
0 0.9457671671407297 0.14436619449406862 0.05026454874314368 0.11267605423927307
0 0.13227512827143073 0.7676056195050478 0.22751322062686086 0.09859154745936394
0 0.2857142770662904 0.9049295606091619 0.0899470872245729 0.18309858813881874
0 0.645502625964582 0.6971830856055021 0.06349206157028675 0.07746478728950024
