0 0.4727272759191692 0.563049852848053 0.13454545545391738 0.2815249264240265
0 0.1500000010128133 0.1583577711135149 0.21272727416362613 0.10557184740900993
0 0.5100000034435652 0.24780058627948165 0.1400000009452924 0.15542521979659796
0 0.23181818338343874 0.6480938410386443 0.09636363701429218 0.3519061580300331
0 0.14272727369097993 0.29325513169169426 0.15090909192804247 0.14076246321201324
0 0.5572727310354821 0.4032258060760796 0.18000000121537596 0.1436950145289302
0 0.8127272782148793 0.4178885626606643 0.06909090955741704 0.20234604086726904
0 0.8881818241789006 0.5762463337741792 0.2200000014854595 0.10850439872592688
0 0.880000005941838 0.7873900285921991 0.1563636374194175 0.1788856303319335
0 0.7409090959117748 0.7712609963491559 0.11090909165795892 0.17008797638118267
0 0.6018181858817115 0.7111436943523586 0.08727272786200047 0.1788856303319335
0 0.49363636696944013 0.8328445740044117 0.10000000067520887 0.22873900271952152
0 0.7072727320482954 0.32844574749469757 0.07636363687925041 0.2756598237901926
0 0.9690909156342968 0.1891495599411428 0.050909091252833605 0.2668621698394418
0 0.2927272747037932 0.37096774158999324 0.06181818223558366 0.19061583559960127
0 0.06909090955741704 0.6055718469433486 0.08727272786200047 0.23167155403643847
0 0.15818181924987584 0.6480938410386443 0.04727272759191692 0.2697947211563587
0 0.2800000018905848 0.8357771253213286 0.10909090982750058 0.3167155422270298
0 0.038181818439625204 0.7609970667399466 0.07272727321833372 0.20821114350110292
0 0.48000000324100256 0.08064516121521592 0.11636363714933395 0.12609970662742853
