0 0.3677419298328459 0.3526881793513894 0.06451612804085016 0.19784946646541357
0 0.36209676862927154 0.7838709839852527 0.08225806325208396 0.18279570271261036
0 0.6088709583855234 0.8483871143544093 0.0596774184377864 0.21290323021821678
0 0.7427419240702875 0.7666666825534776 0.08225806325208396 0.17419355199672282
0 0.7911290201009251 0.2752688229084015 0.11451612727250904 0.15483871288597584
0 0.06290322483982891 0.6021505501121283 0.12258064327761531 0.10752688394859433
0 0.5653225719579495 0.15806451940443367 0.07258064404595643 0.23010753164999187
0 0.4870967667084187 0.6139785073464736 0.10322580486536026 0.11397849698550999
0 0.7419354724697769 0.42580646043643355 0.11612903047353029 0.1591397882439196
0 0.6209677323931828 0.6688172181602567 0.13225806248374283 0.1290322607383132
0 0.9403225661953911 0.5924731305567548 0.09999999846331775 0.23010753164999187
0 0.4838709603063762 0.21397849905770272 0.09354838565923274 0.21720430557616055
0 0.41935483226552606 0.30107527505606413 0.10322580486536026 0.23655914468690753
0 0.0508064508321695 0.606451625470072 0.08870967605616897 0.12473118538036942
0 0.10645161126740277 0.4139785032020882 0.08387096645310521 0.11397849698550999
0 0.9201612761826254 0.9075269005261362 0.1338709656847641 0.18494624039158225
0 0.7959677297039889 0.9387096968712285 0.09193548245821148 0.12258064770139754
0 0.6104838615865447 0.39569893293082714 0.0983870952622965 0.2752688229084015
