0 0.5682565831812099 0.7683485909365118 0.12335526407696307 0.29357796907424927
0 0.3536184236872941 0.6479357520584017 0.2796052652411163 0.25458714505657554
0 0.7894736900925636 0.7809632692951709 0.2664473704062402 0.2408256777562201
0 0.594572372850962 0.22591742151416838 0.13980263262055814 0.4059632853604853
0 0.7467105318792164 0.21903668786399066 0.07894736900925636 0.20412843162193894
0 0.8009868480730802 0.5309632800053805 0.31578947603702545 0.20412843162193894
0 0.06250000046566129 0.8681192288640887 0.12171052722260356 0.22247705468907952
0 0.14473684318363667 0.31880732579156756 0.11184210609644651 0.12844036146998405
0 0.5394736882299185 0.9403669321909547 0.1546052643097937 0.11926604993641376
0 0.972039480926469 0.9162843644153327 0.05592105304822326 0.1582568739540875
