0 0.1710097660543397 0.12100000574719161 0.19218240375630558 0.08600000408478081
0 0.6262214766466059 0.21100001002196223 0.08957654412370175 0.3020000143442303
0 0.2947882633889094 0.37700001790653914 0.11726383958011866 0.26600001263432205
0 0.7426709840074182 0.6010000285459682 0.13029315508902073 0.35000001662410796
0 0.5048859759699553 0.8150000387104228 0.13355048396624625 0.3140000149141997
0 0.37703581753885373 0.7150000339606777 0.17752442380879074 0.2860000135842711
0 0.5203582881367765 0.41600001975893974 0.1677524371771142 0.2320000110194087
0 0.5887621945585124 0.7040000334382057 0.15798045054543763 0.2400000113993883
0 0.523615617014002 0.12800000607967377 0.10912051738705486 0.1600000075995922
0 0.4543973783729598 0.22500001068692654 0.1433224705979228 0.1580000075045973
0 0.3705211597844027 0.452000021468848 0.15798045054543763 0.33600001595914364
