0 0.33017241256311536 0.685714278370142 0.09137931000441313 0.19999999785795808
0 0.5612068944610655 0.1914285693783313 0.06379310321062803 0.22857142612338066
0 0.16034482698887587 0.7399999920744449 0.05862068943679333 0.21714285481721163
0 0.7836206867359579 0.807142848498188 0.08793103415518999 0.27142856852151453
0 0.27068965416401625 0.2299999975366518 0.251724136993289 0.16857142676599324
0 0.3499999986961484 0.3528571390779689 0.1310344822704792 0.06571428501047194
0 0.3543103435076773 0.4228571383282542 0.0706896549090743 0.11428571306169033
0 0.029310344718396664 0.5428571370430291 0.05517241358757019 0.11999999871477485
0 0.0706896549090743 0.7114285638090223 0.07241379283368587 0.19999999785795808
0 0.415517239831388 0.6671428499976173 0.08620689623057842 0.24285714025609195
0 0.4379310328513384 0.5814285652013496 0.11034482717514038 0.17428571241907775
0 0.8801724105142057 0.5842857080278918 0.08793103415518999 0.24285714025609195
0 0.8275862038135529 0.6599999929312617 0.11724137887358665 0.22285714047029614
0 0.9551724102348089 0.6385714217321947 0.07586206868290901 0.254285711562261
0 0.9525862033478916 0.4471428523538634 0.07413793075829744 0.16285714111290872
0 0.6663793078623712 0.12428571295458823 0.08103448245674372 0.17999999807216227
0 0.7749999971129 0.20285714068450034 0.10172413755208254 0.1714285695925355
0 0.6698275837115943 0.6028571364004165 0.1362068960443139 0.1028571417555213
0 0.4862068947404623 0.8171428483910859 0.07241379283368587 0.15428571263328195
0 0.3663793089799583 0.8671428478555754 0.12241379264742136 0.14571428415365517
0 0.20862068887799978 0.387142852996476 0.04827586188912392 0.11142857023514807
0 0.2689655162394047 0.4371428524609655 0.05517241358757019 0.15999999828636646
0 0.8767241346649826 0.32714285363908857 0.09482758585363626 0.23714285460300744
0 0.5025862050242722 0.21285714057739824 0.05689655151218176 0.24285714025609195
0 0.5181034463457763 0.5557142797624692 0.14999999944120646 0.16285714111290872
0 0.7508620661683381 0.4328571382211521 0.11896551679819822 0.20857142633758485
0 0.8844827553257346 0.8528571337228641 0.06896551698446274 0.1571428554598242
0 0.9620689619332552 0.8571428479626775 0.06896551698446274 0.18857142655178905
0 0.6224137907847762 0.12142857012804598 0.0655172411352396 0.1857142837252468
0 0.2301724129356444 0.752857134793885 0.10172413755208254 0.2199999976437539
0 0.283620688598603 0.7142857066355646 0.08793103415518999 0.19428571220487356
0 0.4431034466251731 0.5828571366146207 0.09655172377824783 0.14857142698019743
0 0.4163793087936938 0.431428566807881 0.11551724094897509 0.11428571306169033
