1 0.2920000138692558 0.5614692803355865 0.1480000070296228 0.2563718209275976
1 0.5060000240337104 0.517241393099539 0.24400001158937812 0.11094453069381416
1 0.472000022418797 0.7143928226432763 0.10000000474974513 0.2113943084841594
1 0.6410000304458663 0.6694153101998381 0.2380000113043934 0.14542729023378342
1 0.6680000317282975 0.4122938640648499 0.21600001025944948 0.16191904479637742
1 0.08800000417977571 0.5577211542986333 0.1600000075995922 0.19790105475112796
1 0.7000000332482159 0.8155922256410122 0.2280000108294189 0.12293853401206434
1 0.16400000778958201 0.54197902494343 0.06400000303983688 0.1304347860859707
1 0.20900000992696732 0.6424288027337752 0.10600000503472984 0.08245877281296998
1 0.5360000254586339 0.4475262488122098 0.18000000854954123 0.1634182952111587
1 0.16500000783707947 0.3898051078431308 0.13800000655464828 0.09295352571643889
1 0.7520000357180834 0.36506747599923983 0.24800001177936792 0.15442279272247106
1 0.33600001595914364 0.7946027198340744 0.1480000070296228 0.11994003318250179
1 0.19400000921450555 0.75412295863498 0.12000000569969416 0.08395802322775126
1 0.32100001524668187 0.46926537982653826 0.09000000427477062 0.11994003318250179
