1 0.4637931017205119 0.476993853924796 0.11724137887358665 0.26073619024828076
1 0.6215517218224704 0.5306748342700303 0.05344827566295862 0.3619631817564368
1 0.7172413766384125 0.5337423188611865 0.08965517207980156 0.4723926270380616
1 0.46637930860742927 0.25920244795270264 0.1534482752904296 0.12576686823740602
1 0.7405172386206686 0.5076686998363584 0.09482758585363626 0.389570543076843
1 0.6301724114455283 0.5260736073832959 0.04655172396451235 0.3527607279829681
1 0.43534482596442103 0.8113496743608266 0.07758620660752058 0.31595091288909316
1 0.6103448253124952 0.8343558087944984 0.11034482717514038 0.3190183974802494
1 0.8784482725895941 0.6457055064383894 0.08448275830596685 0.27300612861290574
1 0.6129310321994126 0.21779140597209334 0.07758620660752058 0.19631901383399963
1 0.7724137902259827 0.1932515292428434 0.07931034453213215 0.1656441679224372
1 0.6362068941816688 0.07668711477890611 0.16206896491348743 0.14723926037549973
1 0.5758620668202639 0.5214723804965615 0.08275862038135529 0.22699385974556208
1 0.30258620576933026 0.7990797359962016 0.0706896549090743 0.38343557389453053
1 0.9301724103279412 0.05981594952754676 0.09137931000441313 0.10122699150815606
