1 0.2923538308823481 0.35600001690909266 0.2878560796380043 0.21200001006945968
1 0.5074962654034607 0.5480000260286033 0.34032984415534884 0.26000001234933734
1 0.6611694329185411 0.40600001928396523 0.1949025539215654 0.20800000987946987
0 0.20239880599547178 0.8490000403253362 0.401799111161381 0.2300000109244138
1 0.3710644776583649 0.1970000093569979 0.19640180433634669 0.3260000154841691
1 0.5607196551281959 0.1890000089770183 0.16191904479637742 0.33800001605413854
1 0.7346327032428235 0.5480000260286033 0.1799100497737527 0.11200000531971455
1 0.45952025213046 0.8300000394228846 0.17241379769984633 0.3160000150091946
1 0.6394303019042127 0.8230000390904024 0.11544228193815798 0.25400001206435263
1 0.14617691544117406 0.6530000310158357 0.1634182952111587 0.1460000069346279
