1 0.44700002123136073 0.616191920475103 0.26200001244433224 0.20989505806937814
0 0.5020000238437206 0.9137931278091855 0.27200001291930676 0.17241379769984633
0 0.17200000816956162 0.6289355490007438 0.17200000816956162 0.17541229852940887
0 0.20500000973697752 0.4415292471530847 0.11800000560469925 0.14842579106334597
0 0.2500000118743628 0.33808096853317693 0.12800000607967377 0.11844078276772052
0 0.7330000348156318 0.8088455987744965 0.24600001168437302 0.16941529687028378
0 0.8640000410377979 0.7608695855014957 0.18800000892952085 0.17841079935897142
0 0.7680000364780426 0.5382308989064768 0.24400001158937812 0.17691154894419014
0 0.4480000212788582 0.3628186003770679 0.2280000108294189 0.26386807300150394
0 0.935000044410117 0.344077970192302 0.11800000560469925 0.2233883118024096
