1 0.6072727313730866 0.21934604598209262 0.25090909260325134 0.32970026787370443
1 0.8245454601128586 0.3147138920612633 0.12545454630162567 0.5531335072591901
1 0.4054545481922105 0.8269754652865231 0.14181818277575076 0.2152588525786996
1 0.6445454588974826 0.6457765577360988 0.14727272826712579 0.3106266986578703
1 0.8790909150266089 0.7411444038152695 0.1436363646062091 0.23433242179453373
1 0.6081818222883157 0.8501362279057503 0.15454545558895916 0.25068119540810585
1 0.45454545761458576 0.18664849875494838 0.09454545518383384 0.3133514942601323
1 0.2772727291448973 0.810626691672951 0.2527272744337097 0.34604904148727655
1 0.22545454697683454 0.14713896252214909 0.11272727348841727 0.25068119540810585
1 0.959090915566776 0.3010899140499532 0.05272727308329195 0.25340599101036787
