1 0.22413793700980023 0.48600002308376133 0.1304347860859707 0.12000000569969416
1 0.38830585742834955 0.5240000248886645 0.15892054396681488 0.18400000873953104
1 0.4947526368778199 0.5270000250311568 0.06296851742081344 0.17800000845454633
1 0.5794602853129618 0.6230000295909122 0.09145427530165762 0.35400001681409776
1 0.7968515954562463 0.6070000288309529 0.0704647694947198 0.19000000902451575
1 0.6844078143476509 0.3820000181440264 0.1514242918929085 0.12400000588968396
1 0.19940030516590923 0.5990000284509733 0.16491754562593997 0.19000000902451575
1 0.3995502355392091 0.7110000337706879 0.11544228193815798 0.06600000313483179
1 0.26611694862367585 0.8130000386154279 0.1034482786199078 0.1500000071246177
1 0.3410794693627395 0.7930000376654789 0.11244378110859543 0.1540000073146075
1 0.09145427530165762 0.3720000176690519 0.11994003318250179 0.14000000664964318
1 0.14317841461161152 0.18800000892952085 0.14842579106334597 0.1600000075995922
1 0.3628186003770679 0.3490000165766105 0.05697151576168835 0.12200000579468906
1 0.690404816006776 0.5100000242237002 0.1304347860859707 0.0800000037997961
1 0.7796102156862617 0.3960000188089907 0.1679160464555025 0.10800000512972474
1 0.927286381542217 0.38700001838151366 0.1364317877450958 0.17800000845454633
1 0.1949025539215654 0.7020000333432108 0.13793103815987706 0.0720000034198165
1 0.06596701825037599 0.5900000280234963 0.07496252073906362 0.1560000074096024
1 0.4662668789969757 0.36700001743156463 0.12593703484162688 0.13400000636465847
1 0.31559221231145784 0.06000000284984708 0.1514242918929085 0.06800000322982669
1 0.4722638806561008 0.6840000324882567 0.0869565240573138 0.12800000607967377
