1 0.21171875315485522 0.762867649900727 0.25156250374857336 0.411764707416296
1 0.47656250710133463 0.861213238502387 0.3281250048894435 0.2775735304458067
1 0.43281250644940883 0.31893382471753284 0.27812500414438546 0.17095588298980147
1 0.7453125111060217 0.608455884619616 0.21562500321306288 0.29044117755256593
1 0.728125010849908 0.20955882431007922 0.2593750038649887 0.4154411780182272
1 0.5796875086380169 0.669117649551481 0.14687500218860805 0.14705882407724857
1 0.7960937618627213 0.4834558841539547 0.35781250533182174 0.2279411773197353
1 0.39921875594882295 0.4659926487947814 0.15156250225845724 0.1305147063685581
1 0.7476562611409463 0.8970588268712163 0.12343750183936208 0.205882353708148
1 0.5148437576717697 0.12316176516469568 0.1671875024912879 0.2279411773197353
1 0.24218750360887498 0.14889705937821418 0.18125000270083547 0.17279411829076707
