0 0.6990000332007185 0.6094452936085872 0.19800000940449536 0.20239880599547178
0 0.34600001643411815 0.787106467760168 0.1520000072196126 0.17691154894419014
1 0.904000042937696 0.44002999673830345 0.19200000911951065 0.22938531346153468
1 0.36000001709908247 0.28035982756409794 0.3040000144392252 0.1679160464555025
1 0.35400001681409776 0.500749638536945 0.3160000150091946 0.21289355889894068
1 0.6350000301608816 0.5457271509803832 0.2500000118743628 0.23688156553544104
1 0.9200000436976552 0.46251875296002254 0.14000000664964318 0.15442279272247106
0 0.5120000243186951 0.828335854166653 0.1520000072196126 0.16941529687028378
1 0.3100000147242099 0.5944527894607745 0.19600000930950046 0.2563718209275976
0 0.10500000498723239 0.6581709320889786 0.1620000076945871 0.25787107134237885
0 0.12900000612717122 0.33058471645927057 0.11400000541470945 0.1574212935520336
