1 0.15156250225845724 0.12031250179279596 0.26875000400468707 0.1968750029336661
1 0.45000000670552254 0.21406250318977982 0.2625000039115548 0.3062500045634806
1 0.7773437615833245 0.21171875315485522 0.23593750351574272 0.4203125062631443
1 0.17656250263098627 0.6531250097323209 0.15937500237487257 0.3250000048428774
1 0.4812500071711838 0.5335937579511665 0.12500000186264515 0.2015625030035153
1 0.41640625620493665 0.7250000108033419 0.2859375042608008 0.5062500075437129
1 0.21953125327127054 0.3007812544819899 0.2859375042608008 0.14531250216532499
1 0.7359375109663233 0.6687500099651515 0.5281250078696758 0.4906250073108822
1 0.5906250088009983 0.17890625266591087 0.22500000335276127 0.3234375048195943
1 0.07734375115251169 0.38984375580912456 0.10468750155996531 0.15468750230502337
