1 0.5078125075669959 0.6166666988283396 0.23750000353902578 0.25000001303851604
1 0.14843750221189111 0.2833333481103182 0.08437500125728548 0.1416666740551591
1 0.8140625121304765 0.5885416973615065 0.3343750049825758 0.1979166769888252
1 0.43593750649597496 0.2833333481103182 0.16875000251457095 0.358333352021873
1 0.7109375105937943 0.27291668090038 0.2531250037718564 0.2166666779667139
1 0.2812500041909516 0.36770835251081735 0.09375000139698386 0.1354166737291962
1 0.07421875110594556 0.13750000717118382 0.10156250151339918 0.07500000391155481
1 0.182031252712477 0.10312500537838787 0.1359375020256266 0.12291667307727039
1 0.7460937611176632 0.10000000521540642 0.08906250132713467 0.18750000977888703
1 0.6085937590687536 0.4031250210246071 0.2890625043073669 0.28125001466833055
1 0.7437500110827386 0.728125037974678 0.11250000167638063 0.2229166782926768
1 0.7226562607684173 0.915625047753565 0.19218750286381692 0.16875000880099833
1 0.933593763911631 0.7458333722315729 0.1140625016996637 0.3833333533257246
1 0.07187500107102096 0.49270835903007537 0.1406250020954758 0.147916674381122
1 0.16406250244472176 0.4343750226544216 0.11875000176951289 0.12291667307727039
1 0.6406250095460564 0.4937500257510692 0.2718750040512532 0.19583334354683757
