1 0.24166667251847684 0.7127193035557866 0.14333333680406213 0.48684210889041424
1 0.47833334491588175 0.3179824585095048 0.31000000750645995 0.3377193007618189
1 0.6783333497587591 0.5131578985601664 0.13666666997596622 0.2982456162571907
1 0.8266666866838932 0.28947368636727333 0.1600000038743019 0.17543859779834747
1 0.381666675908491 0.7192982509732246 0.13666666997596622 0.41228070482611656
1 0.5433333464898169 0.5416666707023978 0.2000000048428774 0.31140351109206676
1 0.5833333474583924 0.8135964972898364 0.2133333384990692 0.3377193007618189
1 0.7750000187661499 0.6535087767988443 0.12333333631977439 0.42105263471603394
1 0.8666666876524687 0.6600877242162824 0.13333333656191826 0.44298245944082737
1 0.40166667639277875 0.0657894741743803 0.3366666748188436 0.11403508856892586
1 0.6816666831728071 0.10526315867900848 0.1300000031478703 0.12280701845884323
1 0.840000020340085 0.10964912362396717 0.153333337046206 0.18421052768826485
1 0.12166666961275041 0.6228070221841335 0.15000000363215804 0.37719298526644707
1 0.2583333395887166 0.28070175647735596 0.2766666733659804 0.28070175647735596
