1 0.6820000323932618 0.5404797745286487 0.26400001253932714 0.2563718209275976
1 0.288000013679266 0.8560719868401065 0.2360000112093985 0.13193403650075197
1 0.636000030208379 0.21064468327676877 0.19600000930950046 0.058470766176469624
1 0.5520000262185931 0.721139449509792 0.2960000140592456 0.14392803981900215
1 0.904000042937696 0.6124437944381498 0.17200000816956162 0.10044977779034525
1 0.7530000357655808 0.344077970192302 0.08600000408478081 0.12443778442684561
1 0.8210000389954075 0.34857572143664584 0.10200000484474003 0.1364317877450958
1 0.5460000259336084 0.34707647102186456 0.14000000664964318 0.12443778442684561
1 0.4810000228462741 0.8178411012631841 0.20200000959448516 0.1904048026772216
1 0.5830000276910141 0.7218890747171827 0.3060000145342201 0.13343328691553324
1 0.7040000334382057 0.10419790382729843 0.10800000512972474 0.1304347860859707
1 0.21500001021195203 0.08095952239818871 0.21000000997446477 0.08395802322775126
1 0.11200000531971455 0.6836581891402602 0.11600000550970435 0.17691154894419014
1 0.2590000123018399 0.6034482919494621 0.21800001035444438 0.08845577447209507
1 0.2710000128718093 0.6686656849924475 0.21000000997446477 0.08095952239818871
1 0.9400000446476042 0.47751125710783526 0.10000000474974513 0.10644677944947034
1 0.6000000284984708 0.26986507466062903 0.2240000106394291 0.04497751244343817
1 0.7040000334382057 0.9452773865195923 0.19600000930950046 0.058470766176469624
