1 0.2630000124918297 0.21814093535067514 0.40600001928396523 0.30734633503016084
0 0.34000001614913344 0.4302848690422252 0.27600001310929656 0.12593703484162688
1 0.7310000347206369 0.26386807300150394 0.2980000141542405 0.32383808959275484
1 0.21500001021195203 0.7608695855014957 0.21400001016445458 0.07946027198340744
1 0.8500000403728336 0.8163418508484028 0.24400001158937812 0.16941529687028378
1 0.34800001652911305 0.7271364511689171 0.1600000075995922 0.13493253733031452
1 0.6340000301133841 0.8058470979449339 0.16400000778958201 0.1514242918929085
1 0.7560000359080732 0.5824587861425243 0.26400001253932714 0.10044977779034525
1 0.10200000484474003 0.8703148657805286 0.1520000072196126 0.12143928359728307
1 0.1850000087870285 0.7496252073906362 0.24600001168437302 0.08395802322775126
1 0.1600000075995922 0.6034482919494621 0.2280000108294189 0.1514242918929085
