2 0.20775094401324168 0.2174348725238815 0.0978398941224441 0.13426853879354894
2 0.2960609783185646 0.23046092479489744 0.07623887853696942 0.14428857900202274
2 0.14866581314709038 0.08717434981372207 0.0711562866345048 0.12224449054338038
2 0.21219821192789823 0.6723446979885921 0.09148665424436331 0.13426853879354894
2 0.2369758474524133 0.40180361235979944 0.08259211841505021 0.11022044229321182
2 0.12833544553723186 0.8146292689489201 0.12452350161038339 0.1863727478776127
2 0.6524777354788966 0.3186372786294669 0.21219821192789823 0.32064128667116165
2 0.7109275423572399 0.6282565210713074 0.19695043622050434 0.29058116604574025
2 0.9097839505411685 0.5741483039455488 0.15756034897640347 0.25450902129523456
2 0.19123252033023164 0.5310621310491115 0.08513341436628252 0.10821643425151706
