2 0.13157895300537348 0.360745616722852 0.11842105770483613 0.19956140499562025
2 0.5710526560433209 0.5855263201519847 0.05000000214204192 0.12719298340380192
2 0.7282895048847422 0.510964916087687 0.1328947425354272 0.25000000186264515
2 0.8796053008409217 0.4692982491105795 0.14605263783596456 0.25438596680760384
2 0.2361842206446454 0.4923245650716126 0.08815789851360023 0.16008772049099207
2 0.22302632534410805 0.17982456274330616 0.11973684723488986 0.15789473801851273
2 0.13750000589061528 0.5668859691359103 0.10657895193435252 0.1820175452157855
2 0.35000001499429345 0.5197368459776044 0.05789473932236433 0.07017543911933899
2 0.3796052794205025 0.2510964930988848 0.04868421261198819 0.06798245664685965
2 0.4493421245133504 0.16557017667219043 0.053947370732203126 0.054824561811983585
2 0.5875000251689926 0.7072368473745883 0.06710526603274047 0.09868421126157045
2 0.5217105486663058 0.7554824617691338 0.053947370732203126 0.08991228137165308
2 0.5993421309394762 0.21929824724793434 0.061842107912525535 0.08333333395421505
2 0.4421052820980549 0.2368421070277691 0.04473684402182698 0.07894736900925636
2 0.4947368633002043 0.3684210553765297 0.036842106841504574 0.07456140406429768
2 0.4559210721636191 0.504385968670249 0.061842107912525535 0.09649122878909111
2 0.5907894989941269 0.5372807057574391 0.04473684402182698 0.12280701845884323
2 0.5894737094640732 0.47478070529177785 0.05263158120214939 0.08991228137165308
2 0.3888158061308786 0.5800438639707863 0.07763158227317035 0.12500000093132257
2 0.21644737769383937 0.31250000232830644 0.0907894775737077 0.11184210609644651
2 0.08618421421851963 0.7445175494067371 0.053947370732203126 0.13815789576619864
