2 0.657272731710691 0.6371681392192841 0.07454545504879206 0.11209439486265182
2 0.8172727327910252 0.23451327346265316 0.06727272772695869 0.15634218230843544
2 0.9554545519058593 0.22271386347711086 0.06727272772695869 0.14454277232289314
2 0.5000000033760443 0.3820058982819319 0.08727272786200047 0.12094395235180855
2 0.7363636413356289 0.28171091340482235 0.09090909152291715 0.18584070727229118
2 0.6500000043888576 0.914454273879528 0.12181818264070898 0.11209439486265182
2 0.05363636399852112 0.04719763994216919 0.08909090969245881 0.08849557489156723
2 0.13454545545391738 0.9321533888578415 0.09090909152291715 0.11799409985542297
2 0.8154545509605668 0.43067846447229385 0.10000000067520887 0.14159291982650757
2 0.3900000026333146 0.4705014731734991 0.10363636433612555 0.13274336233735085
2 0.440000002970919 0.9601769875735044 0.07272727321833372 0.07964601740241051
2 0.9609090973972343 0.3775811195373535 0.063636364066042 0.11209439486265182
2 0.5536363673745655 0.5250737443566322 0.07090909138787538 0.12979350984096527
2 0.402727275446523 0.6297935079783201 0.08545454603154212 0.14454277232289314
2 0.6790909136761911 0.07522123865783215 0.08909090969245881 0.1150442473590374
2 0.7309090958442539 0.14454277232289314 0.08727272786200047 0.11799409985542297
2 0.874545460450463 0.16814159229397774 0.08727272786200047 0.14159291982650757
