0 0.336923077236861 0.6761905020102859 0.1015384616330266 0.18095238786190748
0 0.5092307697050273 0.1928571502212435 0.06769230775535107 0.2619047719053924
0 0.7846153853461146 0.8035714592551813 0.09846153855323792 0.30238096392713487
0 0.9138461546972394 0.6380952624604106 0.1230769231915474 0.17142857797443867
0 0.17000000015832484 0.7273809801554307 0.0723076923750341 0.1976190551649779
0 0.47923076967708766 0.8119047929067165 0.07846153853461146 0.15714286314323545
0 0.40000000037252903 0.40357144398149103 0.1230769231915474 0.1309523859526962
0 0.6700000006239861 0.11785714735742658 0.06615384621545672 0.15476191067136824
0 0.561538462061435 0.20357143634464592 0.0615384615957737 0.21666667493991554
0 0.7576923083979636 0.21547619870398194 0.06923076929524541 0.14523810078389943
0 0.7869230776559561 0.15476191067136824 0.0723076923750341 0.13809524336829782
0 0.8676923085004091 0.35595239454414696 0.06769230775535107 0.15476191067136824
0 0.8869230777490884 0.5964285942027345 0.07538461545482278 0.1880952452775091
0 0.9538461547344923 0.6297619288088754 0.0615384615957737 0.23095238977111876
0 0.9538461547344923 0.4535714458907023 0.07692307699471712 0.15952381561510265
0 0.02461538463830948 0.5345238299341872 0.04615384619683027 0.11666667112149298
0 0.21461538481526077 0.3892857291502878 0.06615384621545672 0.11666667112149298
0 0.2538461540825665 0.43095239740796387 0.07076923083513975 0.15238095819950104
0 0.2269230771344155 0.5773809744277969 0.10615384625270963 0.08809524145908654
0 0.27923076949082315 0.22261905611958355 0.24153846176341176 0.1880952452775091
0 0.22230769251473248 0.7488095524022356 0.09384615393355489 0.16904762550257146
0 0.41538461577147245 0.6619047871790826 0.07384615391492844 0.20952381752431393
0 0.4461538465693593 0.5809524031355977 0.10769230779260397 0.14761905325576663
0 0.3523076926358044 0.35714287078008056 0.09230769239366055 0.09523809887468815
0 0.04461538465693593 0.48809525673277676 0.07076923083513975 0.09047619393095374
0 0.14307692321017385 0.41547620634082705 0.09230769239366055 0.10714286123402417
0 0.8300000007729977 0.6678571683587506 0.09692307701334357 0.22619048482738435
0 0.8830769238993526 0.8595238423440605 0.06769230775535107 0.128571433480829
0 0.5200000004842877 0.5226190675748512 0.16615384630858898 0.07857143157161772
