2 0.17333333753049374 0.31111111864447594 0.2666666731238365 0.2844444513320923
2 0.4766666782088578 0.29333334043622017 0.1833333377726376 0.22666667215526104
2 0.8091666862601414 0.2544444506056607 0.17500000423751771 0.2377777835354209
2 0.24000000581145287 0.7811111300252378 0.15666667046025395 0.18888889346271753
2 0.4283333437051624 0.765555574093014 0.16666667070239782 0.19777778256684542
2 0.5908333476400003 0.8222222421318293 0.12833333644084632 0.17333333753049374
2 0.7475000181002542 0.7088889060541987 0.07500000181607902 0.08000000193715096
2 0.9341666892869398 0.840000020340085 0.08166666864417493 0.0844444464892149
2 0.10250000248197466 0.8000000193715096 0.12166666961275041 0.17333333753049374
2 0.9566666898317635 0.6488889046013355 0.05000000121071935 0.09333333559334278
2 0.7925000191899016 0.6388889043591917 0.2150000052060932 0.0688888905569911
