2 0.2646176982088946 0.7420000352431089 0.1634182952111587 0.16400000778958201
2 0.696401817665901 0.5350000254111364 0.1034482786199078 0.13800000655464828
2 0.8845577447209507 0.2940000139642507 0.16491754562593997 0.12800000607967377
2 0.06971514428732917 0.8940000424627215 0.08845577447209507 0.08400000398978591
2 0.18590705143287778 0.41800001985393465 0.09595202654600143 0.1480000070296228
2 0.030734633503016084 0.4600000218488276 0.058470766176469624 0.09200000436976552
2 0.2586206965497695 0.17200000816956162 0.09445277613122016 0.08800000417977571
2 0.9340330084087327 0.36900001752655953 0.07796102156862617 0.0780000037048012
2 0.5862069121794775 0.3880000184290111 0.06896551907993853 0.08800000417977571
2 0.6214392969268374 0.4660000221338123 0.058470766176469624 0.09200000436976552
2 0.5119940166478045 0.5250000249361619 0.09145427530165762 0.0780000037048012
2 0.7361319536576048 0.7250000344356522 0.06596701825037599 0.09000000427477062
2 0.682158938725479 0.7980000379029661 0.10194902820512652 0.11600000550970435
2 0.6604198077111505 0.7070000335806981 0.07646177115384489 0.08600000408478081
2 0.4767616319004446 0.4030000191414729 0.09295352571643889 0.11400000541470945
2 0.5307346468325704 0.7830000371905044 0.09595202654600143 0.10600000503472984
2 0.7781109652714804 0.5180000246036798 0.06596701825037599 0.09600000455975533
2 0.7466267065610737 0.31500001496169716 0.09895052737556398 0.10600000503472984
2 0.7151424478506669 0.18200000864453614 0.10194902820512652 0.09600000455975533
2 0.9692653931560926 0.21600001025944948 0.05547226534690708 0.11200000531971455
2 0.9722638939856552 0.3490000165766105 0.046476762858219445 0.09400000446476042
