2 0.2610000123968348 0.15686274133622646 0.1620000076945871 0.1212121183052659
2 0.7420000352431089 0.1470588200027123 0.3240000153891742 0.20499108242802322
2 0.17100000812206417 0.46702316170558333 0.3060000145342201 0.2923351088538766
2 0.49800002365373075 0.4964349257061258 0.17200000816956162 0.18360070860944688
2 0.21100001002196223 0.8484848281368613 0.41800001985393465 0.30303029576316476
2 0.5630000267410651 0.8368983756517991 0.12200000579468906 0.11942958715371788
2 0.6110000290209427 0.5454545323736966 0.12600000598467886 0.12834224291145802
2 0.7360000349581242 0.48752226994838566 0.13200000626966357 0.11586452485062182
2 0.8790000417502597 0.48663100437261164 0.19000000902451575 0.16399286594241858
2 0.7410000351956114 0.892156841349788 0.09400000446476042 0.09090908872894943
2 0.7340000348631293 0.7121211950434372 0.0800000037997961 0.07308377721346915
2 0.8100000384729356 0.6907308212248608 0.0720000034198165 0.08021390181966126
2 0.9020000428427011 0.7112299294676632 0.08400000398978591 0.07843137066811323
2 0.9110000432701781 0.8083778772270307 0.09000000427477062 0.08021390181966126
2 0.5370000255061314 0.7245989131042734 0.09400000446476042 0.09090908872894943
2 0.678000032203272 0.8137254706816748 0.11200000531971455 0.06951871491037309
2 0.8370000397553667 0.827985719894059 0.08200000389479101 0.06595365260727704
2 0.8960000425577164 0.8805703888647258 0.10800000512972474 0.07486630836501718
2 0.6490000308258459 0.9750445398967713 0.1540000073146075 0.049910872243344784
