2 0.30134933337103575 0.46100002189632505 0.17091454728506505 0.17000000807456672
2 0.40029986074659973 0.6410000304458663 0.16491754562593997 0.19000000902451575
2 0.6296851742081344 0.18800000892952085 0.1949025539215654 0.24400001158937812
2 0.7136431974358857 0.7460000354330987 0.11694153235293925 0.1520000072196126
2 0.1281859104637988 0.24100001144688576 0.10644677944947034 0.1460000069346279
2 0.38605698180617765 0.20700000983197242 0.09445277613122016 0.13800000655464828
2 0.5839580365573056 0.37500001781154424 0.12143928359728307 0.11400000541470945
2 0.426536743005272 0.4190000199014321 0.0974512769607827 0.13400000636465847
2 0.21439280931372195 0.19000000902451575 0.08995502488687634 0.0800000037997961
2 0.25562219572020695 0.8250000391853973 0.13343328691553324 0.13400000636465847
2 0.32233883917797357 0.9430000447900966 0.14392803981900215 0.11400000541470945
2 0.8800599934766069 0.4890000232262537 0.23988006636500359 0.3140000149141997
2 0.6911544412141666 0.30700001458171755 0.1139430315233767 0.13400000636465847
2 0.2031484312028624 0.3510000166716054 0.13343328691553324 0.11800000560469925
2 0.29910045774886385 0.6410000304458663 0.07646177115384489 0.13000000617466867
