2 0.5539730282616802 0.6620000314433128 0.10644677944947034 0.11600000550970435
2 0.9010494992835447 0.627000029780902 0.06596701825037599 0.08200000389479101
2 0.7271364511689171 0.1620000076945871 0.17691154894419014 0.2200000104494393
2 0.7158920730580576 0.6290000298758969 0.09445277613122016 0.20600000978447497
2 0.6776611874811351 0.8580000407528132 0.15892054396681488 0.12800000607967377
2 0.8043478475301526 0.7380000350531191 0.05547226534690708 0.09200000436976552
2 0.6259370481711812 0.32100001524668187 0.09145427530165762 0.11400000541470945
2 0.5457271509803832 0.07500000356230885 0.09595202654600143 0.13400000636465847
2 0.1716641724924557 0.791000037570484 0.10944528027903289 0.13000000617466867
2 0.7023988193250261 0.17900000850204378 0.07946027198340744 0.11800000560469925
2 0.3950524842948653 0.6530000310158357 0.14242878940422088 0.1580000075045973
2 0.3410794693627395 0.8770000416552648 0.11244378110859543 0.13400000636465847
2 0.5397301493212581 0.5620000266935676 0.09895052737556398 0.12400000588968396
2 0.6094452936085872 0.4700000223238021 0.10944528027903289 0.12400000588968396
2 0.6701649354072288 0.39700001885648817 0.09895052737556398 0.09800000465475023
2 0.6836581891402602 0.26600001263432205 0.06896551907993853 0.10400000493973494
2 0.7976012206636369 0.842000039992854 0.07196401990950108 0.0800000037997961
0 0.4077961128205061 0.15500000736210495 0.13493253733031452 0.10600000503472984
0 0.44602699839742854 0.30300001439172775 0.12743628525640815 0.2340000111144036
